$ANSIBLE_VAULT;1.1;AES256
37333931323662303333326236623831306334656662663533353765336663636434343331343934
3838653065353665313738376263363063326361306335350a666365383634656365666631383530
65623164666562306564653632303363623863653632623964386439646536386163333731356539
3230383566336165380a393039306565626535363166656330303534616561306164653334356433
36323364366436643636626637346361343164613637363932383831616162393731613061396266
39363133623139346633373739343139373064376461303034643163363265396264303763366133
35383539366539623166633537343434316635633238363464623333396136396163333263366431
64666336316662383065353164323631663961646530663931343231313931303065366564386434
35346164306239383332393937396166396161633439633664336261383938363966386537653230
37666534316439383232373337636161636539383936373134663063633062343965353961303330
36333137303830643634346432393264333036653936386235363838316439303232396635323365
66643563636666323763643536313462333938396535633865373062316439353239363939313231
37346632373662333932633165306632313534666262353036356532653539383834316463326238
39376562336433633533646531613665353331313631633039616635393230356166363266663931
39643564643134653463336531373764386165663237323435346536363863656135636363356364
37303862333265353939
